41
1
5
42
2
48
3
6
48
46
48
17
25
33
9
4
36
25
11
19
10
24
2
21
6
26
9
48
32
15
50
45
20
5
35
23
45
16
36
21
48
27
37
36
7
39
7
5
6
24
37
38
36
27
45
30
28
3
42
45
7
19
43
11
11
21
47
9
36
24
13
48
40
47
28
50
39
8
7
37
32
50
15
35
35
18
50
12
8
10
41
35
2
9
41
47
44
5
28
45
36
20
3
1
38
11
30
40
44
32
26
21
46
25
5
38
6
46
49
12
28
42
5
3
38
23
45
29
48
34
48
25
28
48
43
18
50
32
50
47
47
1
26
28
44
30
33
30
37
25
19
25
7
48
19
18
27
20
3
33
5
12
39
49
2
32
7
28
8
2
9
1
48
6
10
33
7
45
7
34
36
5
44
16
45
6
25
10
1
1
36
37
23
46
14
49
11
36
39
50
7
42
27
29
17
22
32
17
14
10
8
12
3
45
10
43
26
18
47
50
49
30
35
35
32
18
35
16
39
20
11
21
7
4
44
45
23
1
39
42
14
21
6
26
17
9
47
30
35
42
5
25
22
42
42
27
5
13
40
12
38
34
46
10
39
12
39
2
32
11
7
33
26
24
49
21
49
35
28
47
28
30
22
9
31
9
32
21
33
41
40
3
13
35
11
41
42
22
32
10
48
9
10
15
45
2
36
34
48
18
9
28
22
9
7
48
15
23
7
42
7
45
15
23
5
48
28
48
28
19
16
7
44
23
23
29
19
36
21
49
48
20
39
14
34
48
31
18
32
32
15
26
7
50
13
13
46
8
28
32
7
8
37
42
15
33
35
3
9
11
43
27
37
47
45
25
19
7
11
42
47
15
13
28
16
47
16
14
2
35
24
36
40
4
2
4
7
42
50
50
37
42
42
7
50
16
16
1
3
48
5
4
35
28
36
44
2
27
16
21
11
30
26
18
30
16
4
35
25
32
7
48
12
8
29
49
23
44
29
41
16
10
31
31
1
5
48
37
46
40
42
46
41
4
15
50
24
30
44
35
44
27
38
22
15
17
10
3
46
34
6
19
16
14
36
14
2
27
8
40
10
15
2
28
39
35
41
2
13
20
46
12
31
12
10
2
13
28
22
22
35
11
41
20
6
20
35
13
33
33
6
35
2
19
23
42
48
39
32
46
50
44
42
9
7
1
11
9
19
35
2
20
42
32
50
5
2
45
35
3
35
45
35
41
50
47
12
13
3
21
43
29
32
42
22
9
24
47
31
30
36
7
49
8
23
21
8
3
37
25
8
42
19
48
39
31
1
16
39
17
45
29
33
22
49
34
42
40
3
50
36
11
47
42
9
26
10
39
22
22
6
23
5
48
9
41
7
1
13
25
19
49
47
7
39
41
48
9
29
14
5
33
36
35
13
12
1
25
22
20
25
24
42
26
43
27
31
9
47
25
45
7
37
45
37
37
2
45
45
24
37
37
10
35
50
10
28
32
32
13
2
44
40
45
16
1
50
24
10
7
6
4
44
43
6
3
2
3
50
28
42
48
22
14
28
26
47
40
48
7
20
31
15
27
35
48
26
42
12
21
50
16
42
35
35
20
27
42
29
45
42
6
38
19
35
43
12
42
4
39
34
35
20
6
10
8
42
11
30
2
16
22
42
35
12
24
42
48
44
7
5
32
42
26
39
8
22
5
50
5
42
49
48
43
13
6
43
42
50
19
15
26
28
48
9
3
9
9
37
7
20
19
38
42
32
50
8
23
23
5
19
13
47
48
45
8
27
26
25
37
30
17
42
5
4
9
9
41
25
49
24
7
50
36
1
29
40
33
37
22
23
20
48
16
1
43
41
20
31
7
7
13
41
8
26
27
42
31
50
20
16
31
40
50
28
5
38
49
43
27
50
35
22
1
7
9
50
16
48
1
15
50
6
34
36
13
42
13
40
45
32
19
7
1
16
33
1
1
25
9
4
1
2
36
42
24
39
35
48
5
9
5
23
25
47
37
50
25
45
46
41
6
45
15
26
44
44
48
6
44
14
1
41
37
19
20
21
16
18
7
32
8
41
9
39
11
19
43
20
41
32
49
7
20
6
17
50
19
3
30
6
5
5
15
36
3
38
48
42
9
20
17
50
3
9
20
18
48
15
13
49
22
45
31
25
47
11
47
43
11
2
32
25
17
21
4
18
6
41
19
43
5
19
48
11
11
36
15
6
31
35
45
37
22
20
23
9
50
9
4
32
7
8
21
20
21
1
40
50
17
42
11
19
25
46
42
43
9
41
33
23
42
26
35
12
6
48
42
21
39
13
50
33
25
26
1
1
2
8
43
49
5
19
19
12
37
36
30
48
31
50
37
3
44
3
5
25
50
46
7
26
22
25
12
8
6
13
37
39
8
6
21
4
35
8
35
8
16
6
16
8
11
5
26
14
44
6
42
17
32
13
20
4
23
41
20
35
41
19
23
12
48
17
13
45
13
42
42
23
41
22
28
41
39
18
23
27
43
46
32
41
10
49
45
19
28
26
35
15
17
25
38
22
27
4
24
23
48
24
28
29
31
45
30
6
27
40
41
45
11
13
32
17
11
25
1
2
7
48
44
39
20
26
31
32
22
22
2
26
35
47
2
12
13
26
5
15
2
16
12
20
7
50
7
25
29
14
7
24
44
11
7
14
31
36
37
3
2
1
42
46
7
12
13
36
35
25
50
28
23
19
7
36
38
16
21
32
27
15
22
11
11
43
50
31
12
42
37
7
36
22
14
37
7
12
19
31
47
39
1
9
21
33
30
50
35
29
48
47
9
27
25
35
15
15
33
33
16
36
8
44
32
20
40
48
23
10
1
33
45
38
6
5
37
12
41
21
26
43
13
11
24
34
49
33
43
45
32
5
29
50
15
36
13
34
50
35
33
19
13
45
44
28
3
7
16
19
12
9
29
45
50
9
13
44
7
15
31
49
44
40
20
42
50
19
23
42
34
23
32
44
2
16
47
23
42
21
20
42
11
26
13
13
21
4
6
25
31
32
17
13
27
16
18
41
11
42
27
11
3
13
29
3
13
13
11
34
26
29
21
36
35
5
7
35
26
39
13
11
25
49
14
9
14
46
15
24
39
32
24
13
22
25
14
48
48
16
42
22
14
7
47
50
42
49
50
21
37
25
44
7
34
22
21
22
35
4
7
23
33
21
47
26
4
47
16
7
1
26
28
16
26
16
29
20
1
32
43
11
20
12
39
9
21
31
25
22
17
14
23
6
47
42
47
6
31
25
25
2
11
12
4
26
42
46
7
33
28
19
10
39
10
36
28
34
6
32
40
22
2
50
26
2
25
29
10
42
48
25
35
29
8
41
3
13
48
35
2
48
27
3
22
8
39
41
35
43
39
8
29
37
47
33
23
42
49
24
20
48
15
22
6
36
44
45
49
26
45
39
8
35
15
28
48
5
17
47
39
23
25
13
26
2
43
11
20
47
16
32
2
24
49
2
46
21
38
42
26
24
19
20
41
50
41
7
35
49
39
16
49
16
22
38
15
41
29
15
49
42
21
44
14
44
35
9
20
42
8
32
44
21
19
42
19
36
42
43
15
12
36
49
42
29
45
42
33
31
13
40
14
39
38
26
11
49
36
45
16
1
8
40
13
21
39
11
9
50
47
23
32
2
5
30
46
48
42
18
7
19
14
37
25
42
32
6
41
16
2
41
45
50
5
19
28
41
25
19
36
32
20
37
42
10
12
30
29
12
25
46
46
44
50
43
7
44
28
7
22
27
38
35
39
6
7
50
24
13
13
5
37
47
16
26
41
20
15
33
22
35
23
47
43
24
26
22
16
40
32
29
50
4
21
7
19
50
45
17
50
20
16
45
2
33
38
7
6
50
45
21
48
45
47
42
28
30
48
47
47
44
29
25
33
42
42
12
1
48
8
16
1
7
28
35
26
45
7
22
41
48
7
35
33
9
16
42
5
30
19
40
40
2
48
29
41
17
7
42
9
7
21
31
34
18
2
36
42
8
6
41
40
11
28
49
36
25
45
31
15
5
34
39
35
48
50
22
33
48
15
20
42
34
31
42
23
11
41
37
42
45
6
22
8
14
45
47
14
22
43
42
1
48
37
41
50
46
41
8
42
20
42
42
13
9
14
20
22
22
1
11
33
43
42
36
45
1
10
46
25
13
47
2
14
36
27
50
40
41
41
40
31
33
41
49
36
28
45
40
25
7
3
31
20
9
6
37
34
36
48
44
34
42
39
2
45
16
46
25
27
47
20
29
24
8
3
3
11
42
1
47
26
50
28
45
24
3
23
5
45
33
49
2
9
7
7
1
25
9
10
6
35
6
40
21
35
25
41
37
41
30
40
28
49
35
2
39
10
12
43
48
12
19
45
7
4
7
17
24
8
26
5
20
27
41
48
24
20
25
28
16
28
31
20
16
15
3
30
2
26
22
8
39
27
22
25
49
15
48
38
33
7
46
6
13
1
5
47
42
34
7
20
33
28
49
32
47
21
39
46
14
40
13
25
3
42
12
13
22
47
42
32
48
40
45
3
10
6
41
44
19
25
45
46
49
5
1
30
20
8
7
28
43
39
6
32
45
18
31
4
50
11
25
15
16
4
8
50
48
22
28
35
11
9
47
29
41
13
9
2
34
39
48
7
7
6
18
35
47
8
14
26
34
46
22
29
35
14
31
28
12
5
29
50
21
16
50
21
31
10
6
5
20
45
2
33
28
34
30
26
30
5
18
11
48
40
2
32
23
14
24
50
19
37
32
49
7
25
42
21
50
9
47
42
21
44
25
5
44
11
3
3
42
16
1
38
46
22
11
44
3
36
8
35
29
4
16
12
31
1
41
9
12
40
48
41
36
18
41
30
47
31
17
26
44
41
13
12
31
17
3
15
21
7
29
12
4
36
1
13
23
6
13
42
12
25
34
8
50
30
17
38
39
18
24
43
50
49
42
39
33
25
5
1
38
11
42
44
24
42
16
18
21
19
24
4
13
34
48
1
23
2
42
48
16
39
45
18
22
42
6
36
7
29
50
3
25
1
32
9
40
47
9
35
8
41
45
34
25
9
26
1
7
21
31
35
47
13
47
8
4
16
7
27
19
39
48
29
3
21
25
38
28
44
11
22
36
7
45
25
45
20
31
37
50
2
48
12
42
21
50
3
33
12
48
21
26
48
37
4
4
47
8
16
50
42
1
45
8
30
42
26
23
34
45
10
2
24
43
12
38
11
47
44
48
9
5
16
30
48
22
48
37
41
8
37
42
19
13
16
21
13
31
7
43
42
13
15
42
25
44
44
24
29
15
28
9
46
10
22
31
7
20
29
1
20
36
19
3
34
47
23
16
49
50
34
22
6
34
37
7
24
38
9
13
13
40
45
43
45
33
33
44
32
1
7
6
46
31
33
39
26
50
40
35
44
28
50
45
28
19
8
4
4
28
29
24
50
9
25
39
7
10
26
26
28
48
2
20
34
21
50
9
10
45
42
43
28
44
11
42
33
22
29
42
15
9
11
42
7
34
48
42
42
24
9
9
1
2
2
44
42
31
42
22
25
16
44
27
7
17
4
9
50
47
42
20
43
25
44
29
20
1
33
31
41
49
17
18
12
48
47
22
25
37
50
38
41
25
11
40
43
